1,		0.25,	76,	71,		
1.25,		0.25,	75,	38,		
1.5,		0.25,	76,	57,		
1.75,		0.25,	75,	7		
2,		0.25,	76,	76,		
2.25,		0.25,	71,	76,		
2.5,		0.25,	74,	76,		
2.75,		0.25,	72,	83,		
3,		0.25,	45,	64,		
3,		0.75,	69,	89,		
3.25,		0.25,	52,	64,		
3.5,		0.25,	57,	7		
3.75,		0.25,	6	76,		
4,		0.25,	64,	76,		
4.25,		0.25,	69,	76,		
4.5,		0.25,	4	64,		
4.5,		0.75,	71,	83,		
4.75,		0.25,	52,	64,		
5,		0.25,	56,	7		
5.25,		0.25,	64,	76,		
5.5,		0.25,	68,	76,		
5.75,		0.25,	71,	76,		
6,		0.25,	45,	64,		
6,		0.75,	72,	83,		
6.25,		0.25,	52,	7		
6.5,		0.25,	57,	76,		
6.75,		0.25,	64,	76,		
7,		0.25,	76,	76,		
7.25,		0.25,	75,	64,		
7.5,		0.25,	76,	76,		
7.75,		0.25,	75,	7		
8,		0.25,	76,	76,		
8.25,		0.25,	71,	76,		
8.5,		0.25,	74,	76,		
8.75,		0.25,	72,	76,		
9,		0.25,	45,	57,		
9,		0.75,	69,	83,		
9.25,		0.25,	52,	64,		
9.5,		0.25,	57,	7		
9.75,		0.25,	6	76,		
1		0.25,	64,	76,		
10.25,		0.25,	69,	76,		
10.5,		0.25,	4	64,		
10.5,		0.75,	71,	83,		
10.75,		0.25,	52,	7		
11,		0.25,	56,	76,		
11.25,		0.25,	64,	76,		
11.5,		0.25,	72,	76,		
11.75,		0.25,	71,	76,		
12,		0.25,	45,	64,		
12,		0.75,	69,	83,		
12.25,		0.25,	52,	7		
12.5,		0.25,	57,	7		
13,		0.25,	76,	64,		
13.25,		0.25,	75,	7		
13.5,		0.25,	76,	7		
13.75,		0.25,	75,	64,		
14,		0.25,	76,	76,		
14.25,		0.25,	71,	76,		
14.5,		0.25,	74,	76,		
14.75,		0.25,	72,	76,		
15,		0.25,	45,	76,		
15,		0.75,	69,	76,		
15.25,		0.25,	52,	76,		
15.5,		0.25,	57,	76,		
15.75,		0.25,	6	76,		
16,		0.25,	64,	76,		
16.25,		0.25,	69,	76,		
16.5,		0.25,	4	64,		
16.5,		0.75,	71,	83,		
16.75,		0.25,	52,	7		
17,		0.25,	56,	76,		
17.25,		0.25,	64,	76,		
17.5,		0.25,	68,	76,		
17.75,		0.25,	71,	76,		
18,		0.25,	45,	64,		
18,		0.5,	72,	76,		
18.25,		0.25,	52,	76,		
18.5,		0.25,	57,	76,		
18.75,		0.25,	64,	76,		
19,		0.25,	76,	76,		
19.25,		0.25,	75,	7		
19.5,		0.25,	76,	76,		
19.75,		0.25,	75,	7		
2		0.25,	76,	76,		
20.25,		0.25,	71,	76,		
20.5,		0.25,	74,	76,		
20.75,		0.25,	72,	76,		
21,		0.25,	45,	7		
21,		0.5,	69,	76,		
21.25,		0.25,	52,	76,		
21.5,		0.25,	57,	76,		
21.75,		0.25,	6	76,		
22,		0.25,	64,	76,		
22.25,		0.25,	69,	76,		
22.5,		0.25,	4	64,		
22.5,		0.5,	71,	76,		
22.75,		0.25,	52,	76,		
23,		0.25,	56,	76,		
23.25,		0.25,	64,	76,		
23.5,		0.25,	72,	76,		
23.75,		0.25,	71,	76,		
24,		0.25,	45,	76,		
24,		0.5,	69,	83,		
24.25,		0.25,	52,	76,		
24.5,		0.25,	57,	76,		
24.75,		0.25,	71,	76,		
25,		0.25,	72,	76,		
25.25,		0.25,	74,	76,		
25.5,		0.25,	48,	7		
25.5,		0.75,	76,	76,		
25.75,		0.25,	55,	76,		
26,		0.25,	6	76,		
26.25,		0.25,	67,	76,		
26.5,		0.25,	77,	76,		
26.75,		0.25,	76,	76,		
27,		0.25,	43,	64,		
27,		0.75,	74,	76,		
27.25,		0.25,	55,	76,		
27.5,		0.25,	59,	76,		
27.75,		0.25,	65,	76,		
28,		0.25,	76,	76,		
28.25,		0.25,	74,	76,		
28.5,		0.25,	45,	64,		
28.5,		0.75,	72,	76,		
28.75,		0.25,	52,	76,		
29,		0.25,	57,	76,		
29.25,		0.25,	64,	76,		
29.5,		0.25,	74,	76,		
29.75,		0.25,	72,	76,		
3		0.25,	4	64,		
3		0.5,	71,	76,		
30.25,		0.25,	52,	76,		
30.5,		0.25,	64,	76,		
30.75,		0.25,	64,	76,		
31,		0.25,	76,	76,		
31.25,		0.25,	64,	76,		
31.5,		0.25,	76,	76,		
31.75,		0.25,	76,	7		
32,		0.25,	88,	64,		
32.25,		0.25,	75,	7		
32.5,		0.25,	76,	76,		
32.75,		0.25,	75,	76,		
33,		0.25,	76,	76,		
33.25,		0.25,	75,	76,		
33.5,		0.25,	76,	76,		
33.75,		0.25,	71,	76,		
34,		0.25,	74,	7		
34.25,		0.25,	72,	76,		
34.5,		0.25,	45,	64,		
34.5,		0.5,	69,	76,		
34.75,		0.25,	52,	7		
35,		0.25,	57,	76,		
35.25,		0.25,	6	76,		
35.5,		0.25,	64,	76,		
35.75,		0.25,	69,	76,		
36,		0.25,	4	64,		
36,		0.5,	71,	76,		
36.25,		0.25,	52,	7		
36.5,		0.25,	56,	76,		
36.75,		0.25,	64,	76,		
37,		0.25,	68,	76,		
37.25,		0.25,	71,	76,		
37.5,		0.25,	45,	7		
37.5,		0.5,	72,	76,		
37.75,		0.25,	52,	76,		
38,		0.25,	57,	76,		
38.25,		0.25,	64,	76,		
38.5,		0.25,	76,	76,		
38.75,		0.25,	75,	76,		
39,		0.25,	76,	76,		
39.25,		0.25,	75,	7		
39.5,		0.25,	76,	76,		
39.75,		0.25,	71,	7		
4		0.25,	74,	76,		
40.25,		0.25,	72,	76,		
40.5,		0.25,	45,	64,		
40.5,		0.5,	69,	83,		
40.75,		0.25,	52,	76,		
41,		0.25,	57,	76,		
41.25,		0.25,	6	76,		
41.5,		0.25,	64,	76,		
41.75,		0.25,	69,	76,		
42,		0.25,	4	64,		
42,		0.5,	71,	76,		
42.25,		0.25,	52,	7		
42.5,		0.25,	56,	76,		
42.75,		0.25,	64,	76,		
43,		0.25,	72,	76,		
43.25,		0.25,	71,	76,		
43.5,		0.25,	45,	7		
43.5,		0.5,	69,	76,		
43.75,		0.25,	52,	76,		
44,		0.25,	57,	76,		
44.25,		0.25,	71,	76,		
44.5,		0.25,	72,	76,		
44.75,		0.25,	74,	76,		
45,		0.25,	48,	64,		
45,		0.75,	76,	76,		
45.25,		0.25,	55,	7		
45.5,		0.25,	6	76,		
45.75,		0.25,	67,	76,		
46,		0.25,	77,	76,		
46.25,		0.25,	76,	76,		
46.5,		0.25,	43,	64,		
46.5,		0.75,	74,	76,		
46.75,		0.25,	55,	7		
47,		0.25,	59,	76,		
47.25,		0.25,	65,	76,		
47.5,		0.25,	76,	76,		
47.75,		0.25,	74,	76,		
48,		0.25,	45,	7		
48,		0.75,	72,	83,		
48.25,		0.25,	52,	7		
48.5,		0.25,	57,	76,		
48.75,		0.25,	64,	76,		
49,		0.25,	74,	76,		
49.25,		0.25,	72,	76,		
49.5,		0.25,	4	64,		
49.5,		0.5,	71,	83,		
49.75,		0.25,	52,	7		
5		0.25,	64,	76,		
50.25,		0.25,	64,	76,		
50.5,		0.25,	76,	83,		
50.75,		0.25,	64,	76,		
51,		0.25,	76,	76,		
51.25,		0.25,	76,	7		
51.5,		0.25,	88,	64,		
51.75,		0.25,	75,	76,		
52,		0.25,	76,	7		
52.25,		0.25,	75,	76,		
52.5,		0.25,	76,	76,		
52.75,		0.25,	75,	76,		
53,		0.25,	76,	76,		
53.25,		0.25,	71,	76,		
53.5,		0.25,	74,	76,		
53.75,		0.25,	72,	76,		
54,		0.25,	45,	64,		
54,		0.5,	69,	83,		
54.25,		0.25,	52,	7		
54.5,		0.25,	57,	76,		
54.75,		0.25,	6	7		
55,		0.25,	64,	76,		
55.25,		0.25,	69,	76,		
55.5,		0.25,	4	64,		
55.5,		0.5,	71,	76,		
55.75,		0.25,	52,	76,		
56,		0.25,	56,	76,		
56.25,		0.25,	64,	76,		
56.5,		0.25,	68,	76,		
56.75,		0.25,	71,	76,		
57,		0.25,	45,	76,		
57,		0.5,	72,	76,		
57.25,		0.25,	52,	76,		
57.5,		0.25,	57,	76,		
57.75,		0.25,	64,	76,		
58,		0.25,	76,	76,		
58.25,		0.25,	75,	76,		
58.5,		0.25,	76,	76,		
58.75,		0.25,	75,	7		
59,		0.25,	76,	76,		
59.25,		0.25,	71,	76,		
59.5,		0.25,	74,	76,		
59.75,		0.25,	72,	7		
6		0.25,	45,	64,		
6		0.5,	69,	76,		
60.25,		0.25,	52,	7		
60.5,		0.25,	57,	76,		
60.75,		0.25,	6	76,		
61,		0.25,	64,	76,		
61.25,		0.25,	69,	76,		
61.5,		0.25,	4	64,		
61.5,		0.5,	71,	76,		
61.75,		0.25,	52,	64,		
62,		0.25,	56,	7		
62.25,		0.25,	64,	76,		
62.5,		0.25,	72,	76,		
62.75,		0.25,	71,	76,		
63,		0.25,	45,	7		
63,		0.5,	69,	89,		
63.25,		0.25,	52,	76,		
63.5,		0.25,	57,	83,		
63.75,		0.125,	6	51,		
63.75,		0.125,	72,	51,		
63.75,		0.125,	64,	51,		
63.75,		0.125,	58,	51,		
64,		0.125,	57,	64,		
64,		0.125,	65,	64,		
64,		0.125,	6	64,		
64,		0.125,	72,	64,		
64.25,		0.125,	64,	7		
64.25,		0.125,	67,	7		
64.25,		0.125,	72,	83,		
64.25,		0.125,	55,	78,		
64.25,		0.125,	58,	78,		
64.25,		0.125,	6	78,		
64.5,		0.25,	53,	76,		
64.5,		1,	72,	95,		
64.75,		0.25,	57,	76,		
65,		0.25,	6	76,		
65.25,		0.25,	57,	76,		
65.5,		0.25,	6	76,		
65.5,		0.375,	77,	76,		
65.75,		0.25,	57,	76,		
65.875,		0.125,	76,	76,		
66,		0.25,	53,	76,		
66,		0.5,	76,	76,		
66.25,		0.25,	58,	76,		
66.5,		0.25,	62,	76,		
66.5,		0.5,	74,	76,		
66.75,		0.25,	58,	76,		
67,		0.25,	62,	76,		
67,		0.375,	82,	76,		
67.25,		0.25,	58,	76,		
67.375,		0.125,	81,	76,		
67.5,		0.25,	81,	76,		
67.5,		0.25,	53,	76,		
67.75,		0.25,	64,	76,		
67.75,		0.25,	79,	76,		
68,		0.25,	53,	76,		
68,		0.25,	58,	64,		
68,		0.25,	55,	7		
68,		0.25,	77,	76,		
68.25,		0.25,	76,	76,		
68.25,		0.25,	64,	76,		
68.5,		0.25,	53,	76,		
68.5,		0.25,	55,	7		
68.5,		0.25,	58,	64,		
68.5,		0.25,	74,	76,		
68.75,		0.25,	64,	76,		
68.75,		0.25,	72,	76,		
69,		0.25,	53,	78,		
69,		0.5,	7	76,		
69.25,		0.25,	57,	78,		
69.5,		0.25,	6	78,		
69.5,		0.5,	69,	76,		
69.75,		0.25,	57,	78,		
7		0.125,	69,	83,		
7		0.25,	6	78,		
70.125,		0.125,	67,	76,		
70.25,		0.125,	69,	83,		
70.25,		0.25,	57,	78,		
70.375,		0.125,	7	89,		
70.5,		0.25,	53,	76,		
70.5,		1,	72,	95,		
70.75,		0.25,	57,	76,		
71,		0.25,	6	76,		
71.25,		0.25,	57,	76,		
71.5,		0.25,	6	76,		
71.5,		0.25,	74,	9		
71.75,		0.25,	75,	9		
71.75,		0.25,	57,	76,		
72,		0.25,	52,	76,		
72,		0.75,	76,	78,		
72.25,		0.25,	57,	76,		
72.5,		0.25,	6	76,		
72.75,		0.25,	76,	9		
72.75,		0.25,	57,	76,		
73,		0.25,	5	76,		
73,		0.25,	62,	76,		
73,		0.25,	77,	9		
73.25,		0.25,	69,	9		
73.25,		0.25,	53,	76,		
73.5,		0.25,	55,	76,		
73.5,		1,	72,	9		
73.75,		0.25,	64,	76,		
74,		0.25,	55,	76,		
74.25,		0.25,	64,	76,		
74.5,		0.25,	55,	76,		
74.5,		0.375,	74,	9		
74.75,		0.25,	65,	76,		
74.875,		0.125,	71,	9		
75,		0.125,	72,	9		
75,		0.5,	64,	76,		
75,		0.5,	6	76,		
75.125,		0.125,	79,	9		
75.25,		0.125,	67,	9		
75.375,		0.125,	79,	9		
75.5,		0.125,	69,	9		
75.625,		0.125,	79,	9		
75.75,		0.125,	65,	76,		
75.75,		0.125,	67,	76,		
75.75,		0.125,	71,	9		
75.875,		0.125,	79,	9		
76,		0.125,	72,	9		
76,		0.125,	67,	76,		
76,		0.125,	64,	76,		
76.125,		0.125,	79,	9		
76.25,		0.125,	62,	76,		
76.25,		0.125,	74,	9		
76.25,		0.125,	67,	76,		
76.25,		0.125,	65,	76,		
76.375,		0.125,	79,	9		
76.5,		0.125,	76,	9		
76.5,		0.25,	67,	76,		
76.5,		0.25,	6	76,		
76.5,		0.25,	64,	76,		
76.625,		0.125,	79,	9		
76.75,		0.125,	84,	9		
76.875,		0.125,	83,	9		
77,		0.125,	81,	9		
77,		0.25,	53,	76,		
77,		0.25,	57,	76,		
77.125,		0.125,	79,	9		
77.25,		0.125,	77,	9		
77.375,		0.125,	74,	9		
77.5,		0.125,	72,	9		
77.5,		0.25,	59,	76,		
77.5,		0.25,	55,	76,		
77.625,		0.125,	79,	9		
77.75,		0.125,	77,	9		
77.875,		0.125,	74,	9		
78,		0.125,	72,	9		
78,		0.25,	6	76,		
78.125,		0.125,	79,	9		
78.25,		0.125,	67,	9		
78.375,		0.125,	79,	9		
78.5,		0.125,	69,	9		
78.625,		0.125,	79,	9		
78.75,		0.125,	67,	76,		
78.75,		0.125,	65,	76,		
78.75,		0.125,	71,	9		
78.875,		0.125,	79,	9		
79,		0.125,	72,	9		
79,		0.125,	67,	76,		
79,		0.125,	64,	76,		
79.125,		0.125,	79,	9		
79.25,		0.125,	62,	76,		
79.25,		0.125,	67,	76,		
79.25,		0.125,	74,	9		
79.25,		0.125,	65,	76,		
79.375,		0.125,	79,	9		
79.5,		0.125,	76,	9		
79.5,		0.25,	6	76,		
79.5,		0.25,	67,	76,		
79.5,		0.25,	64,	76,		
79.625,		0.125,	79,	9		
79.75,		0.125,	84,	9		
79.875,		0.125,	83,	9		
8		0.125,	81,	9		
8		0.25,	53,	76,		
8		0.25,	57,	76,		
80.125,		0.125,	79,	9		
80.25,		0.125,	77,	9		
80.375,		0.125,	76,	9		
80.5,		0.125,	74,	9		
80.5,		0.25,	55,	76,		
80.5,		0.25,	59,	76,		
80.625,		0.125,	79,	9		
80.75,		0.125,	77,	9		
80.875,		0.125,	74,	9		
81,		0.125,	76,	9		
81,		0.25,	56,	76,		
81,		0.25,	59,	76,		
81.125,		0.125,	77,	9		
81.25,		0.125,	76,	9		
81.375,		0.125,	75,	9		
81.5,		0.125,	76,	9		
81.625,		0.125,	71,	9		
81.75,		0.125,	76,	9		
81.875,		0.125,	75,	9		
82,		0.125,	76,	9		
82.125,		0.125,	71,	9		
82.25,		0.125,	76,	9		
82.375,		0.125,	75,	9		
82.5,		0.75,	76,	83,		
83.25,		0.25,	71,	83,		
83.5,		0.25,	76,	83,		
83.75,		0.25,	75,	83,		
84,		0.75,	76,	7		
84.75,		0.25,	71,	7		
85,		0.25,	76,	64,		
85.25,		0.25,	75,	7		
85.5,		0.25,	76,	76,		
85.75,		0.25,	75,	7		
86,		0.25,	76,	76,		
86.25,		0.25,	75,	7		
86.5,		0.25,	76,	76,		
86.75,		0.25,	75,	76,		
87,		0.25,	76,	57,		
87.25,		0.25,	75,	64,		
87.5,		0.25,	76,	76,		
87.75,		0.25,	71,	76,		
88,		0.25,	74,	76,		
88.25,		0.25,	72,	76,		
88.5,		0.25,	45,	64,		
88.5,		0.75,	69,	76,		
88.75,		0.25,	52,	7		
89,		0.25,	57,	76,		
89.25,		0.25,	6	76,		
89.5,		0.25,	64,	76,		
89.75,		0.25,	69,	76,		
9		0.25,	4	64,		
9		0.75,	71,	76,		
90.25,		0.25,	52,	7		
90.5,		0.25,	56,	76,		
90.75,		0.25,	64,	76,		
91,		0.25,	68,	76,		
91.25,		0.25,	71,	76,		
91.5,		0.25,	45,	7		
91.5,		0.75,	72,	76,		
91.75,		0.25,	52,	7		
92,		0.25,	57,	76,		
92.25,		0.25,	64,	76,		
92.5,		0.25,	76,	76,		
92.75,		0.25,	75,	7		
93,		0.25,	76,	76,		
93.25,		0.25,	75,	7		
93.5,		0.25,	76,	76,		
93.75,		0.25,	71,	76,		
94,		0.25,	74,	76,		
94.25,		0.25,	72,	76,		
94.5,		0.25,	45,	7		
94.5,		0.75,	69,	76,		
94.75,		0.25,	52,	76,		
95,		0.25,	57,	76,		
95.25,		0.25,	6	76,		
95.5,		0.25,	64,	76,		
95.75,		0.25,	69,	76,		
96,		0.25,	4	7		
96,		0.75,	71,	76,		
96.25,		0.25,	52,	7		
96.5,		0.25,	56,	76,		
96.75,		0.25,	64,	76,		
97,		0.25,	72,	76,		
97.25,		0.25,	71,	76,		
97.5,		0.25,	45,	64,		
97.5,		0.75,	69,	76,		
97.75,		0.25,	52,	7		
98,		0.25,	57,	76,		
98.5,		0.25,	76,	64,		
98.75,		0.25,	75,	7		
99,		0.25,	76,	76,		
99.25,		0.25,	75,	64,		
99.5,		0.25,	76,	76,		
99.75,		0.25,	71,	76,		
10		0.25,	74,	76,		
100.25,		0.25,	72,	76,		
100.5,		0.25,	45,	64,		
100.5,		0.75,	69,	76,		
100.75,		0.25,	52,	7		
101,		0.25,	57,	7		
101.25,		0.25,	6	76,		
101.5,		0.25,	64,	76,		
101.75,		0.25,	69,	76,		
102,		0.25,	4	64,		
102,		0.75,	71,	76,		
102.25,		0.25,	52,	7		
102.5,		0.25,	56,	7		
102.75,		0.25,	64,	7		
103,		0.25,	68,	76,		
103.25,		0.25,	71,	76,		
103.5,		0.25,	45,	7		
103.5,		0.5,	72,	83,		
103.75,		0.25,	52,	7		
104,		0.25,	57,	76,		
104.25,		0.25,	64,	76,		
104.5,		0.25,	76,	76,		
104.75,		0.25,	75,	76,		
105,		0.25,	76,	76,		
105.25,		0.25,	75,	76,		
105.5,		0.25,	76,	76,		
105.75,		0.25,	71,	76,		
106,		0.25,	74,	76,		
106.25,		0.25,	72,	76,		
106.5,		0.25,	45,	7		
106.5,		0.5,	69,	76,		
106.75,		0.25,	52,	7		
107,		0.25,	57,	7		
107.25,		0.25,	6	76,		
107.5,		0.25,	64,	83,		
107.75,		0.25,	69,	83,		
108,		0.25,	4	7		
108,		0.5,	71,	83,		
108.25,		0.25,	52,	7		
108.5,		0.25,	56,	7		
108.75,		0.25,	64,	76,		
109,		0.25,	72,	76,		
109.25,		0.25,	71,	76,		
109.5,		0.25,	45,	64,		
109.5,		0.5,	69,	83,		
109.75,		0.25,	52,	7		
11		0.25,	57,	76,		
110.25,		0.25,	71,	83,		
110.5,		0.25,	72,	76,		
110.75,		0.25,	74,	76,		
111,		0.25,	48,	64,		
111,		0.75,	76,	83,		
111.25,		0.25,	55,	7		
111.5,		0.25,	6	76,		
111.75,		0.25,	67,	76,		
112,		0.25,	77,	76,		
112.25,		0.25,	76,	76,		
112.5,		0.25,	43,	7		
112.5,		0.75,	74,	76,		
112.75,		0.25,	55,	76,		
113,		0.25,	59,	76,		
113.25,		0.25,	65,	76,		
113.5,		0.25,	76,	76,		
113.75,		0.25,	74,	76,		
114,		0.25,	45,	7		
114,		0.75,	72,	76,		
114.25,		0.25,	52,	76,		
114.5,		0.25,	57,	76,		
114.75,		0.25,	64,	76,		
115,		0.25,	74,	76,		
115.25,		0.25,	72,	76,		
115.5,		0.25,	4	76,		
115.5,		0.5,	71,	76,		
115.75,		0.25,	52,	76,		
116,		0.25,	64,	76,		
116.25,		0.25,	64,	76,		
116.5,		0.25,	76,	76,		
116.75,		0.25,	64,	76,		
117,		0.25,	76,	76,		
117.25,		0.25,	76,	76,		
117.5,		0.25,	88,	76,		
117.75,		0.25,	75,	76,		
118,		0.25,	76,	76,		
118.25,		0.25,	75,	76,		
118.5,		0.25,	76,	76,		
118.75,		0.25,	75,	76,		
119,		0.25,	76,	76,		
119.25,		0.25,	71,	76,		
119.5,		0.25,	74,	76,		
119.75,		0.25,	72,	76,		
12		0.25,	45,	76,		
12		0.5,	69,	76,		
120.25,		0.25,	52,	76,		
120.5,		0.25,	57,	76,		
120.75,		0.25,	6	76,		
121,		0.25,	64,	76,		
121.25,		0.25,	69,	76,		
121.5,		0.25,	4	76,		
121.5,		0.5,	71,	76,		
121.75,		0.25,	52,	76,		
122,		0.25,	56,	76,		
122.25,		0.25,	64,	76,		
122.5,		0.25,	68,	76,		
122.75,		0.25,	71,	76,		
123,		0.25,	45,	76,		
123,		0.5,	72,	76,		
123.25,		0.25,	52,	76,		
123.5,		0.25,	57,	76,		
123.75,		0.25,	64,	76,		
124,		0.25,	76,	76,		
124.25,		0.25,	75,	76,		
124.5,		0.25,	76,	76,		
124.75,		0.25,	75,	76,		
125,		0.25,	76,	76,		
125.25,		0.25,	71,	76,		
125.5,		0.25,	74,	76,		
125.75,		0.25,	72,	76,		
126,		0.25,	45,	7		
126,		0.5,	69,	83,		
126.25,		0.25,	52,	7		
126.5,		0.25,	57,	76,		
126.75,		0.25,	6	83,		
127,		0.25,	64,	83,		
127.25,		0.25,	69,	83,		
127.5,		0.25,	4	64,		
127.5,		0.5,	71,	89,		
127.75,		0.25,	52,	7		
128,		0.25,	56,	76,		
128.25,		0.25,	64,	76,		
128.5,		0.25,	72,	76,		
128.75,		0.25,	71,	83,		
129,		0.125,	45,	89,		
129,		0.5,	69,	89,		
129.25,		0.125,	45,	76,		
129.5,		0.125,	45,	83,		
129.75,		0.125,	45,	89,		
13		0.125,	45,	76,		
130.25,		0.125,	45,	83,		
130.5,		0.125,	45,	89,		
130.5,		1.5,	67,	78,		
130.5,		1.5,	7	78,		
130.5,		1.5,	73,	78,		
130.5,		1.5,	64,	78,		
130.75,		0.125,	45,	76,		
131,		0.125,	45,	83,		
131.25,		0.125,	45,	89,		
131.5,		0.125,	45,	76,		
131.75,		0.125,	45,	83,		
132,		0.125,	45,	78,		
132,		1,	65,	78,		
132,		1,	74,	78,		
132,		1,	69,	78,		
132.25,		0.125,	45,	78,		
132.5,		0.125,	45,	78,		
132.75,		0.125,	45,	78,		
133,		0.125,	45,	78,		
133,		0.25,	73,	78,		
133,		0.25,	76,	78,		
133.25,		0.125,	45,	78,		
133.25,		0.25,	77,	78,		
133.25,		0.25,	74,	78,		
133.5,		0.125,	45,	78,		
133.5,		1,	68,	78,		
133.5,		1,	74,	78,		
133.5,		1,	77,	78,		
133.75,		0.125,	45,	78,		
134,		0.125,	45,	78,		
134.25,		0.125,	45,	78,		
134.5,		0.125,	45,	78,		
134.5,		0.5,	74,	78,		
134.5,		0.5,	68,	78,		
134.5,		0.5,	77,	78,		
134.75,		0.125,	45,	78,		
135,		0.125,	45,	78,		
135,		1.5,	76,	78,		
135,		1.5,	69,	78,		
135,		1.5,	72,	78,		
135.25,		0.125,	45,	76,		
135.5,		0.125,	45,	83,		
135.75,		0.125,	45,	89,		
136,		0.125,	45,	83,		
136.25,		0.125,	45,	76,		
136.5,		0.125,	45,	83,		
136.5,		0.125,	38,	89,		
136.5,		1,	74,	83,		
136.5,		1,	65,	89,		
136.75,		0.125,	45,	83,		
136.75,		0.125,	38,	83,		
137,		0.125,	38,	83,		
137,		0.125,	45,	76,		
137.25,		0.125,	45,	89,		
137.25,		0.125,	38,	83,		
137.5,		0.125,	38,	78,		
137.5,		0.125,	45,	78,		
137.5,		0.25,	72,	83,		
137.5,		0.25,	64,	83,		
137.75,		0.125,	45,	78,		
137.75,		0.125,	38,	78,		
137.75,		0.25,	62,	78,		
137.75,		0.25,	71,	78,		
138,		0.125,	39,	76,		
138,		0.125,	45,	83,		
138,		1,	6	83,		
138,		1,	69,	83,		
138,		1,	66,	78,		
138.25,		0.0625,	39,	78,		
138.25,		0.125,	45,	76,		
138.5,		0.0625,	39,	78,		
138.5,		0.125,	45,	78,		
138.75,		0.015625,	39,	78,		
138.75,		0.125,	45,	78,		
139,		0.0625,	39,	78,		
139,		0.125,	45,	78,		
139,		0.5,	6	78,		
139,		0.5,	69,	78,		
139.25,		0.0625,	39,	78,		
139.25,		0.125,	45,	78,		
139.5,		0.125,	45,	78,		
139.5,		0.125,	4	78,		
139.5,		0.5,	69,	78,		
139.5,		0.5,	6	78,		
139.75,		0.125,	45,	78,		
139.75,		0.125,	4	78,		
14		0.125,	45,	78,		
14		0.125,	4	78,		
14		0.5,	72,	78,		
14		0.5,	64,	78,		
140.25,		0.125,	45,	78,		
140.25,		0.125,	4	78,		
140.5,		0.125,	4	78,		
140.5,		0.125,	44,	78,		
140.5,		0.5,	62,	78,		
140.5,		0.5,	71,	78,		
140.75,		0.125,	44,	78,		
140.75,		0.125,	4	78,		
141,		0.125,	33,	78,		
141,		0.125,	45,	78,		
141,		1.5,	69,	78,		
141,		1.5,	6	78,		
141.25,		0.125,	45,	76,		
141.5,		0.125,	45,	83,		
141.75,		0.125,	45,	89,		
142,		0.125,	45,	76,		
142.25,		0.125,	45,	83,		
142.5,		0.125,	45,	76,		
142.5,		1.5,	7	78,		
142.5,		1.5,	64,	83,		
142.5,		1.5,	73,	78,		
142.5,		1.5,	67,	78,		
142.75,		0.125,	45,	89,		
143,		0.125,	45,	83,		
143.25,		0.125,	45,	89,		
143.5,		0.125,	45,	76,		
143.75,		0.125,	45,	83,		
144,		0.125,	45,	78,		
144,		1,	74,	78,		
144,		1,	69,	78,		
144,		1,	65,	78,		
144.25,		0.125,	45,	78,		
144.5,		0.125,	45,	78,		
144.75,		0.125,	45,	78,		
145,		0.125,	45,	78,		
145,		0.25,	73,	78,		
145,		0.25,	76,	78,		
145.25,		0.25,	77,	78,		
145.25,		0.125,	45,	78,		
145.25,		0.25,	74,	78,		
145.5,		1,	77,	78,		
145.5,		1,	74,	78,		
145.5,		0.125,	45,	78,		
145.75,		0.125,	45,	78,		
146,		0.125,	45,	78,		
146.25,		0.125,	45,	78,		
146.5,		0.5,	77,	83,		
146.5,		0.5,	74,	78,		
146.5,		0.125,	45,	78,		
146.75,		0.125,	45,	78,		
147,		1.5,	77,	89,		
147,		1.5,	74,	78,		
147,		0.125,	46,	76,		
147.25,		0.125,	46,	83,		
147.5,		0.125,	46,	89,		
147.75,		0.125,	46,	83,		
148,		0.125,	46,	89,		
148.25,		0.125,	46,	76,		
148.5,		1,	67,	78,		
148.5,		1,	75,	76,		
148.5,		0.125,	46,	83,		
148.75,		0.125,	46,	78,		
149,		0.125,	46,	78,		
149.25,		0.125,	46,	78,		
149.5,		0.25,	74,	76,		
149.5,		0.25,	65,	78,		
149.5,		0.125,	46,	78,		
149.75,		0.25,	72,	83,		
149.75,		0.25,	63,	78,		
149.75,		0.125,	46,	78,		
15		1,	7	83,		
15		1,	62,	78,		
15		1,	65,	78,		
15		0.125,	46,	78,		
150.25,		0.125,	46,	78,		
150.5,		0.125,	46,	83,		
150.75,		0.125,	46,	76,		
151,		0.5,	65,	78,		
151,		0.5,	69,	78,		
151,		0.5,	62,	83,		
151,		0.125,	46,	78,		
151.25,		0.125,	46,	89,		
151.5,		1,	68,	78,		
151.5,		1,	65,	78,		
151.5,		1,	62,	78,		
151.5,		0.25,	47,	78,		
151.75,		0.25,	47,	78,		
152,		0.25,	47,	78,		
152.25,		0.25,	47,	78,		
152.5,		0.5,	62,	78,		
152.5,		0.5,	65,	78,		
152.5,		0.5,	68,	78,		
152.5,		0.25,	47,	78,		
152.75,		0.25,	47,	78,		
153,		1,	6	78,		
153,		1,	64,	78,		
153,		1,	69,	78,		
153,		1,	48,	78,		
154.5,		0.25,	52,	78,		
154.5,		0.25,	65,	78,		
154.5,		0.25,	64,	78,		
154.5,		0.25,	71,	78,		
154.5,		0.25,	56,	78,		
156,		0.166667,	6	78,		
156.167,		0.166667,	6	78,		
156.333,		0.166667,	64,	78,		
156.5,		0.166667,	69,	78,		
156.667,		0.166667,	72,	78,		
156.833,		0.166667,	76,	78,		
157,		0.166667,	74,	78,		
157,		0.5,	57,	78,		
157,		0.5,	64,	78,		
157,		0.5,	6	78,		
157.167,		0.166667,	72,	78,		
157.333,		0.166667,	71,	78,		
157.5,		0.5,	64,	78,		
157.5,		0.166667,	69,	78,		
157.5,		0.5,	6	78,		
157.5,		0.5,	57,	78,		
157.667,		0.166667,	72,	78,		
157.833,		0.166667,	76,	78,		
158,		0.166667,	81,	78,		
158.167,		0.166667,	84,	78,		
158.333,		0.166667,	88,	78,		
158.5,		0.166667,	86,	78,		
158.5,		0.5,	64,	78,		
158.5,		0.5,	6	78,		
158.5,		0.5,	57,	78,		
158.667,		0.166667,	84,	78,		
158.833,		0.166667,	83,	78,		
159,		0.5,	57,	78,		
159,		0.5,	6	78,		
159,		0.166667,	81,	78,		
159,		0.5,	64,	78,		
159.167,		0.166667,	84,	78,		
159.333,		0.166667,	88,	78,		
159.5,		0.166667,	93,	78,		
159.667,		0.166667,	96,	78,		
159.833,		0.166667,	10	78,		
16		0.5,	64,	78,		
16		0.166667,	98,	78,		
16		0.5,	57,	78,		
16		0.5,	6	78,		
160.167,		0.166667,	96,	78,		
160.333,		0.166667,	95,	78,		
160.5,		0.5,	57,	78,		
160.5,		0.166667,	94,	78,		
160.5,		0.5,	64,	78,		
160.5,		0.5,	6	78,		
160.667,		0.166667,	93,	78,		
160.833,		0.166667,	92,	78,		
161,		0.166667,	91,	78,		
161.167,		0.166667,	9	78,		
161.333,		0.166667,	89,	78,		
161.5,		0.166667,	88,	78,		
161.667,		0.166667,	87,	78,		
161.833,		0.166667,	86,	78,		
162,		0.166667,	85,	78,		
162.167,		0.166667,	84,	78,		
162.333,		0.166667,	83,	78,		
162.5,		0.166667,	82,	78,		
162.667,		0.166667,	81,	78,		
162.833,		0.166667,	8	78,		
163,		0.166667,	79,	78,		
163.167,		0.166667,	78,	78,		
163.333,		0.166667,	77,	78,		
163.5,		0.25,	76,	78,		
163.75,		0.25,	75,	78,		
164,		0.25,	76,	83,		
164.25,		0.25,	71,	78,		
164.5,		0.25,	74,	78,		
164.75,		0.25,	72,	78,		
165,		0.25,	45,	7		
165,		0.5,	69,	83,		
165.25,		0.25,	52,	76,		
165.5,		0.25,	57,	78,		
165.75,		0.25,	6	7		
166,		0.25,	64,	76,		
166.25,		0.25,	69,	83,		
166.5,		0.25,	4	76,		
166.5,		0.5,	71,	89,		
166.75,		0.25,	52,	78,		
167,		0.25,	56,	78,		
167.25,		0.25,	64,	78,		
167.5,		0.25,	68,	7		
167.75,		0.25,	71,	7		
168,		0.25,	45,	83,		
168,		0.5,	72,	78,		
168.25,		0.25,	52,	78,		
168.5,		0.25,	57,	78,		
168.75,		0.25,	64,	78,		
169,		0.25,	76,	78,		
169.25,		0.25,	75,	78,		
169.5,		0.25,	76,	83,		
169.75,		0.25,	75,	78,		
17		0.25,	76,	83,		
170.25,		0.25,	71,	78,		
170.5,		0.25,	74,	7		
170.75,		0.25,	72,	78,		
171,		0.25,	45,	7		
171,		0.5,	69,	78,		
171.25,		0.25,	52,	76,		
171.5,		0.25,	57,	76,		
171.75,		0.25,	6	83,		
172,		0.25,	64,	83,		
172.25,		0.25,	69,	76,		
172.5,		0.25,	4	64,		
172.5,		0.5,	71,	83,		
172.75,		0.25,	52,	7		
173,		0.25,	56,	76,		
173.25,		0.25,	64,	83,		
173.5,		0.25,	72,	78,		
173.75,		0.25,	71,	78,		
174,		0.25,	45,	78,		
174,		0.5,	69,	78,		
174.25,		0.25,	52,	78,		
174.5,		0.25,	57,	78,		
174.75,		0.25,	71,	78,		
175,		0.25,	72,	78,		
175.25,		0.25,	74,	78,		
175.5,		0.25,	48,	7		
175.5,		0.75,	76,	78,		
175.75,		0.25,	55,	78,		
176,		0.25,	6	78,		
176.25,		0.25,	67,	78,		
176.5,		0.25,	77,	78,		
176.75,		0.25,	76,	78,		
177,		0.25,	43,	64,		
177,		0.75,	74,	78,		
177.25,		0.25,	55,	78,		
177.5,		0.25,	59,	78,		
177.75,		0.25,	65,	78,		
178,		0.25,	76,	78,		
178.25,		0.25,	74,	78,		
178.5,		0.25,	45,	7		
178.5,		0.75,	72,	78,		
178.75,		0.25,	52,	78,		
179,		0.25,	57,	78,		
179.25,		0.25,	64,	78,		
179.5,		0.25,	74,	78,		
179.75,		0.25,	72,	78,		
18		0.25,	4	64,		
18		0.5,	71,	76,		
180.25,		0.25,	52,	76,		
180.5,		0.25,	64,	64,		
180.75,		0.25,	64,	7		
181,		0.25,	76,	83,		
181.25,		0.25,	64,	76,		
181.5,		0.25,	76,	76,		
181.75,		0.25,	76,	7		
182,		0.25,	88,	76,		
182.25,		0.25,	75,	76,		
182.5,		0.25,	76,	7		
182.75,		0.25,	75,	76,		
183,		0.25,	76,	76,		
183.25,		0.25,	75,	7		
183.5,		0.25,	76,	76,		
183.75,		0.25,	71,	76,		
184,		0.25,	74,	76,		
184.25,		0.25,	72,	76,		
184.5,		0.5,	69,	76,		
184.5,		0.25,	45,	64,		
184.75,		0.25,	52,	7		
185,		0.25,	57,	76,		
185.25,		0.25,	6	76,		
185.5,		0.25,	64,	76,		
185.75,		0.25,	69,	76,		
186,		0.25,	4	64,		
186,		0.5,	71,	76,		
186.25,		0.25,	52,	7		
186.5,		0.25,	56,	7		
186.75,		0.25,	64,	7		
187,		0.25,	68,	76,		
187.25,		0.25,	71,	76,		
187.5,		0.25,	45,	76,		
187.5,		0.5,	72,	76,		
187.75,		0.25,	52,	76,		
188,		0.25,	57,	76,		
188.25,		0.25,	64,	76,		
188.5,		0.25,	76,	76,		
188.75,		0.25,	75,	76,		
189,		0.25,	76,	76,		
189.25,		0.25,	75,	76,		
189.5,		0.25,	76,	76,		
189.75,		0.25,	71,	76,		
19		0.25,	74,	76,		
190.25,		0.25,	72,	76,		
190.5,		0.25,	45,	76,		
190.5,		0.5,	69,	76,		
190.75,		0.25,	52,	76,		
191,		0.25,	57,	76,		
191.25,		0.25,	6	76,		
191.5,		0.25,	64,	76,		
191.75,		0.25,	69,	7		
192,		0.25,	4	64,		
192,		0.5,	71,	64,		
192.25,		0.25,	52,	64,		
192.5,		0.25,	56,	57,		
192.75,		0.25,	64,	51,		
193,		0.25,	72,	51,		
193.25,		0.25,	71,	51,		
193.5,		1.5,	69,	45,		
193.5,		1.5,	6	45,		
193.5,		1.5,	33,	45,		
193.5,		1.5,	45,	45,		
